sents_per_clip: 3.6321740447226287
words_per_clip: 47.80874261773762
words_per_sent: 13.162569312228136
words_per_sec: 9471390000000000.0
verbs_per_sec: 2.194300518134715
adjs_per_sec: 0.533678756476684
advs_per_sec: 0.4274611398963731
nouns_per_sec: 3.6036269430051813
syntactic_complexity: 8.655440414507773
vocab_size: 23700
words coverage of each clip: 23327706700000212.00
Total # of clips: 0
Total # of sentences: 71957
