sents_per_clip: 2.5139691714836223
words_per_clip: 22.842244701348747
words_per_sent: 9.086127610653381
words_per_sec: 1.9938662559564118
verbs_per_sec: 1.0483870967741935
adjs_per_sec: 0.5120967741935484
advs_per_sec: 0.7620967741935484
nouns_per_sec: 1.1935483870967742
syntactic_complexity: 7.040322580645161
vocab_size: 13705
words coverage of each clip: 0.82
Total # of clips: 8304
Total # of sentences: 20876
